| input_WFE |              r_0.00 |              r_0.04 |              r_0.08 |              r_0.12 |              r_0.16 |               r_0.20 |              r_0.24 |               r_0.28 |              r_0.32 |              r_0.36 |               r_0.40 |
|       0.0 | 0.09467546100956124 | 0.11942200989543601 |   0.124690229106513 | 0.09142162747813153 | 0.08212624696081955 |  0.05297974820599486 | 0.06811383440839691 |  0.05431348190745375 | 0.07269136368263363 | 0.06244516789995009 |  0.05671409401606784 |
|     0.157 | 0.14888080935575027 | 0.14590195752884977 | 0.13380867669648452 | 0.09445178615764696 | 0.08448166951120448 |  0.05612105542593069 | 0.06963695412756614 | 0.055756594552681206 | 0.07234155373195918 | 0.06319483317664053 |  0.05764093029641726 |
|     0.314 |   0.224910060971053 | 0.20903579591182647 | 0.14865966572636544 | 0.11032334592847227 | 0.09197340814003821 | 0.062007767114947626 | 0.07463756715661017 |   0.0636671035629179 | 0.07770020590463106 | 0.06613333825435619 | 0.057221504307446255 |
|     0.471 |  0.2818049836657415 | 0.23997370705565554 | 0.16042534938667066 | 0.12629694513472614 | 0.10559987400724612 |  0.08124583912298489 | 0.08071899790130596 |  0.06932120381105986 | 0.07821634302174245 | 0.06870349910850163 |   0.0629997990035975 |
|     0.628 | 0.32096131209122397 | 0.27518377531578786 | 0.17647446122715113 | 0.15435823433126755 |  0.1254129790976042 |  0.09605541642902218 | 0.09515213411044889 |  0.07879943886559017 |  0.0827834864895574 | 0.07846344267180874 |   0.0692634680299328 |
|     0.785 | 0.35024771220146267 | 0.29049202596940366 | 0.21656436233508317 | 0.18547869059499625 | 0.14017313954176114 |  0.10983053515721437 | 0.10892010538792968 |  0.08806267385662797 | 0.08594576095751202 | 0.08033919250095164 |  0.07402163909182928 |
|     0.942 |  0.3283039121668942 |  0.3133953701139252 | 0.23263948680426091 | 0.19178765292198252 | 0.16748786552502964 |  0.12326980534519766 | 0.11543067815265931 |  0.10272134515226922 | 0.09732641426695227 |  0.0876597970590469 |  0.08196199035561809 |
|     1.099 | 0.32053263357070544 | 0.30646571962993435 |    0.25376940450367 | 0.20804249155779161 | 0.17801122529270713 |  0.13837061716161936 | 0.13495224253141397 |  0.11491774882464868 | 0.10427439389845301 | 0.10505632023412653 |  0.09008363385278463 |
|     1.256 | 0.31786659768847336 |  0.2948191171229786 |  0.2662697812135958 | 0.23511553497930032 | 0.19873951564006548 |  0.15641071876827115 | 0.14531326678809978 |  0.12998337535235774 | 0.10429423521243784 |  0.1110827824941087 |  0.09471261845535019 |
|     1.413 | 0.29992587415838995 |  0.2876769220188306 | 0.26540975452569826 | 0.24418241830174406 |  0.2177561605140366 |  0.17399165845567144 | 0.15296123004087214 |  0.13345394535198427 | 0.12647325379115937 | 0.11660014269738318 |  0.09995064144579904 |
|      1.57 | 0.30017483937939976 |  0.2938266975047341 |  0.2760665668266514 |  0.2522992376405027 | 0.22888379805801895 |  0.18778778498034673 |  0.1721125242359373 |   0.1500013495106432 | 0.13959684923540172 | 0.12342959826322254 |  0.11431275031155687 |
|     1.727 | 0.28587287876894163 |  0.2953680642482711 |  0.2813207872129219 |  0.2663047510502088 | 0.24075574708377417 |  0.20854282717965403 | 0.18464727395573144 |  0.16576291719472844 | 0.14798293146597086 | 0.14162032776894995 |  0.12048032541155168 |
|     1.884 |  0.2938452277860514 |  0.2920992812140088 | 0.27352948450467973 |  0.2708919042178983 | 0.24769662942069987 |  0.21423909121200962 | 0.19097664879603687 |   0.1740093144986684 | 0.16064024454599118 |  0.1461320279864019 |  0.13724180718015971 |
|     2.041 | 0.28585633561400847 |  0.2971528191387328 |  0.2939746268264727 |  0.2693421452414825 | 0.24978616745287022 |  0.21873873812785347 | 0.20819171987756083 |  0.18359537929652958 | 0.16836988105952877 | 0.15507798021872457 |   0.1345437987935143 |
|     2.198 | 0.29238389676565735 |   0.290286386101977 |  0.2821277206745618 |  0.2746352925346239 | 0.26132779120155464 |  0.22861866119012803 | 0.22627159320085802 |  0.19295297252820426 | 0.17837716527307734 | 0.16401249120909459 |  0.14992515670824122 |
|     2.355 | 0.29810471476281714 | 0.28559992751392266 | 0.29299036210162455 |  0.2807742714341376 | 0.26886305747270506 |  0.24253191753647504 |  0.2279941392947801 |  0.20557824716266004 |  0.1940036220388553 | 0.17958013154617686 |  0.16051986213336591 |
|     2.512 | 0.30644122850936006 |  0.3083724593154961 | 0.29074185193891994 |  0.2805332445014295 |  0.2686851695927004 |    0.250937446770997 | 0.23937541656460407 |  0.21779080878079277 |  0.1965288858444659 |  0.1892294740268465 |  0.17767201431602322 |
|     2.669 | 0.29886519727611116 |  0.2884126589162729 |  0.2985863254066276 |  0.2789385614295606 | 0.27200275784790084 |   0.2625821088189625 |  0.2503264937535667 |  0.22513119226458153 |  0.2056959663540995 |  0.1980725313727344 |  0.18325404249636262 |
|     2.826 | 0.32614835685127996 | 0.29257678887530575 | 0.30182204836931004 |  0.2853335318267366 | 0.27688026704228946 |   0.2623091171657528 | 0.25833610692243036 |  0.23480579224511636 | 0.21223435593096113 | 0.21008709350865615 |   0.1876822947422813 |
|     2.983 | 0.31210029917401916 | 0.30947282569305484 |  0.2910397809939157 | 0.28851216077368075 |  0.2801967630854963 |   0.2698818841647202 |   0.250520813465856 |   0.2356016233476073 |  0.2246522332020326 |  0.2069907858015799 |  0.19619017047902357 |
|      3.14 | 0.31031094378868396 |    0.31541505131074 |  0.3026993120867104 |  0.3008563119718797 |  0.2842834674293364 |   0.2727269787280337 |  0.2606126807472538 |  0.24365946058457716 | 0.23158800068735635 | 0.22459501584099764 |  0.20155521710874194 |
|     3.297 |  0.3010572700982221 | 0.30565584589907313 | 0.28990026614037334 |  0.2881834230884944 |  0.2829275461017409 |   0.2778311772359169 | 0.26149778124141493 |   0.2552232537037973 |  0.2397620944516495 | 0.23465873951088384 |  0.20937644278796685 |
|     3.454 |  0.3003437732967793 |  0.2984457444123128 | 0.29734388558111546 | 0.29372472847721887 |  0.2884743037087798 |   0.2793295393025188 | 0.26752044992731483 |  0.25533260788630996 | 0.24392675304014194 | 0.23440358651428284 |  0.21592447745655796 |
|     3.611 |  0.3095063951395908 |  0.2976123937082855 | 0.30609366753994655 |  0.2936036865264443 |  0.2830990183069066 |    0.277669885926047 |  0.2730572738010768 |   0.2539819714644853 | 0.24909597367963857 | 0.24226819495434132 |   0.2245858257072367 |
|     3.768 | 0.28878269335024137 | 0.30861788639158294 |  0.3065959853640158 | 0.30203959802228764 |  0.2939113030945854 |   0.2855598202726907 |  0.2764769985421497 |   0.2673268828367784 | 0.25228044873780836 | 0.24419966760979975 |  0.23239859216557596 |
|     3.925 | 0.30950776592615353 |   0.311340844330368 | 0.30133081779803744 |  0.2975182101239729 |  0.2951052282285368 |   0.2907500185134065 |  0.2754191389399056 |   0.2726131651019583 | 0.25610000585052506 | 0.25294463281256435 |  0.24024396127294093 |
|     4.082 |  0.3072922924526764 |   0.308574816651547 |  0.2949235330888531 | 0.30464638298424407 |  0.2945072229061186 |   0.2842744798362896 |  0.2774506547315747 |   0.2733736374950016 | 0.26269604797630974 | 0.24938456158306452 |  0.23929045696180518 |
|     4.239 |   0.310420135803044 |  0.3061638534357345 | 0.30947178067761943 |  0.3065990703771796 |  0.2956187954459478 |  0.29040707666710686 |  0.2928183469869389 |   0.2694204820678608 | 0.26700455864930883 |  0.2613346550151594 |  0.24769952711072163 |
|     4.396 |  0.3099136132690278 | 0.30815243852447727 | 0.30861363150296595 | 0.31296961990503264 | 0.30204305448057567 |   0.2909041213627551 |  0.2887547982683907 |   0.2748077114865844 | 0.26560694126205925 |  0.2579054878170281 |    0.255530375933574 |
|     4.553 |  0.3294813039317438 | 0.31020726166337664 |  0.3115403629702677 |  0.2990635636102192 | 0.30489293508293513 |  0.29660608795986415 | 0.28553903358903904 |  0.27633295919711454 |  0.2656648438128006 | 0.26050911045806013 |   0.2539189067918688 |
|      4.71 | 0.31037068986177546 | 0.30901232706645926 | 0.31471650323578376 | 0.31312228052114294 | 0.29595294906290304 |   0.2965615705986178 |  0.2895356566603542 |   0.2857381680773104 |  0.2787566894296913 | 0.26977003640122604 |  0.25192258217040564 |
|     4.867 |  0.3176281264844778 |  0.3229849290152903 |  0.3029743348980249 | 0.31284210307688914 | 0.30503341824393754 |   0.2872762011064363 | 0.29195892560059916 |  0.28514053007215867 |  0.2724690104545685 |  0.2693659220326334 |   0.2593505521383068 |
|     5.024 |   0.317733224398624 | 0.31091501806387106 |  0.3098436451235941 |  0.3048087460113971 | 0.29928737495185886 |  0.30786123794697173 |  0.2977825356258718 |  0.28166168802358094 |  0.2745955003152102 | 0.26653682325044564 |   0.2655777914599561 |
|     5.181 | 0.30999386805217544 | 0.31246190544311325 |  0.3085293209705975 |  0.3056854742779673 |  0.3034354119813951 |   0.3035716073004269 |  0.3029769104552652 |   0.2893654986148645 |  0.2853317696983822 |  0.2785843080436748 |   0.2619218759655772 |
|     5.338 | 0.30142972759637426 |  0.3179870125000028 | 0.31743192101775264 | 0.31083925905099397 |  0.3137566945129899 |  0.29979620095001563 | 0.29413770282291957 |   0.2924251786202138 |  0.2820285314678061 |  0.2753434422709642 |   0.2728726159638107 |
|     5.495 |  0.3093747262016725 |  0.3021714174839169 |  0.3043141247547399 | 0.32428487106476933 |  0.3135134689476588 |   0.2934554724768658 | 0.30293921861488504 |  0.29831849990112336 | 0.28321377868809045 |   0.284211052561304 |  0.26434714389991404 |
|     5.652 |  0.3212652188127109 |  0.3042078729414323 |   0.311574347705953 |  0.3089943360674912 |  0.3068762359238752 |   0.3035846310027593 |  0.2986392819930949 |  0.29554798263263987 |  0.2844219466826599 |   0.283868255528486 |  0.27940079910719684 |
|     5.809 |    0.30855140301863 | 0.31150038200965535 |   0.312759309602835 |  0.3215692588542753 |  0.3110074488419821 |   0.2969899664755161 |   0.301858649128767 |  0.29188135465951265 |  0.2954256586479013 | 0.28563687797472714 |   0.2741707001348616 |
|     5.966 | 0.31099431311345427 | 0.31769829736810595 |   0.322121190047411 | 0.31398098903930083 | 0.30886106222774035 |    0.309319293110655 | 0.30223895478635737 |   0.2986526459574813 |  0.2959938406443267 | 0.28422467231564164 |  0.27943405119158365 |
|     6.123 |  0.3177670136310135 |  0.3160829803701329 | 0.31548339771317574 |  0.3176976372681773 |  0.3126543077854361 |   0.3047552328471656 | 0.31147494979514445 |   0.2986943782202548 | 0.29728425435847655 | 0.28852300285332433 |  0.28404871469841925 |
|      6.28 | 0.30883587175765154 | 0.31310632315428155 |  0.3102337360977969 |  0.3232750353746532 |  0.3184447924136856 |  0.30198270842342123 | 0.30914967951918304 |  0.29820937883305093 |  0.3038329217253862 | 0.30207699867209503 |   0.2820491379955486 |
