|            input_WFE |                 r_0.00 |               r_0.04 |                  r_0.08 |                r_0.12 |               r_0.16 |               r_0.20 |                r_0.24 |                 r_0.28 |                  r_0.32 |                r_0.36 |                r_0.40 |
|                  0.0 | 0.00016693873015643154 | 0.004047078772361876 | -0.00032522676702983024 | 0.0008568905727682872 |  0.02439484024616978 | 0.021573550110502014 | -0.009687891112238316 |  -0.004722186007125782 |   -0.003397952340042454 | 0.0025352589878780605 | 0.0014628896934583161 |
|               0.0125 |   0.024338457282351747 | 0.019945271693473304 |    0.007343607365905931 |  0.007084328162316454 |  0.02591343514946201 | 0.024246498308819496 | -0.007867303348440078 | -0.0017510844488442057 |   -0.001696790532025956 |  0.004054861565255774 | 0.0032055046952378964 |
|                0.025 |    0.04127621206123463 |  0.03231850387808295 |    0.014886192612930785 |  0.013820645941975341 | 0.026907486862103397 | 0.025672489040016358 | -0.005215772059845624 |   0.002104788051546841 | -1.7309106727911092e-05 |  0.005677683678854789 |  0.005425524826684626 |
| 0.037500000000000006 |   0.049683244198072206 |  0.04073571475007539 |    0.022677703598472335 |  0.020682582767108867 | 0.028099047501312806 |  0.02624063351687228 | -0.002005971842959904 |   0.006624162930505159 |    0.001752606664510717 |  0.007140523409860014 |  0.007588270653285544 |
|                 0.05 |   0.051921430817612614 | 0.046037242589240676 |    0.030583290793152806 |   0.02726475594012033 | 0.030050304886017867 | 0.026653197560992475 | 0.0015087747525579307 |    0.01130415300866781 |    0.003610365424787448 |  0.008211264464122809 |  0.009145988798680733 |
|               0.0625 |    0.05122880262785633 |  0.04937558947205153 |      0.0380053761089216 |   0.03322507686089134 |  0.03285593591980489 |  0.02733975402735696 |  0.005190133326985125 |   0.015580260254894342 |   0.0055055796789439185 |  0.008827499443752647 |  0.009775594041743706 |
|  0.07500000000000001 |    0.05107398852794367 | 0.051616645675731807 |     0.04424019729779517 |   0.03837217419003396 |  0.03620533624628721 | 0.028258877462897496 |   0.00903361366448445 |   0.019032809483720655 |    0.007369699078712118 |  0.009211211555140776 |  0.009792167845325226 |
|  0.08750000000000001 |    0.05237696000985964 |  0.05320138528177232 |     0.04880747500267672 |   0.04269386458159773 |  0.03961683425644613 | 0.029145281287859395 |  0.013063081928586955 |    0.02149794695451138 |    0.009138856717225844 |  0.009838130126914908 |   0.01028938929846642 |
|                  0.1 |    0.05430087314460984 |   0.0543181066689146 |     0.05164234751609985 |   0.04630384608419426 |  0.04267717120095105 | 0.029765103808575364 |  0.017195878528936146 |   0.023065321886978043 |    0.010796053314260664 |  0.011043410693543677 |  0.012266727226446892 |
|               0.1125 |     0.0559797543496946 | 0.055088323770411854 |    0.053153844623434345 |  0.049332296042364526 |  0.04522808584871478 |  0.03013046867552693 |  0.021208151903060815 |   0.024020942266620326 |    0.012387975217808874 |  0.012734944504316767 |   0.01592358040956889 |
|                0.125 |    0.05679669695368214 |  0.05564997001446057 |     0.05401151098083481 |   0.05182110428055304 |  0.04738322927380924 |    0.030616572741803 |   0.02481133850987004 |   0.024800775144964128 |    0.014030901633877269 |  0.014590366949388986 |  0.020758270324756044 |
|               0.1375 |    0.05668847241352828 |  0.05614190818872072 |    0.054723723142031576 |   0.05370905461819768 |  0.04933192968438147 |  0.03176065090596509 |   0.02779348381988106 |   0.025961602819762335 |    0.015927489040405394 |  0.016261050040959096 |  0.025894143856148355 |
|  0.15000000000000002 |    0.05642443478585569 | 0.056623725565355554 |      0.0554486133941755 |  0.054931231780684035 |   0.0511708495003765 | 0.033912915613959614 |   0.03020523003375627 |   0.028067246315461446 |    0.018290722736219355 |  0.017519569814196955 |     0.030399085879656 |
|               0.1625 |   0.056715113866367975 | 0.057057268060017416 |     0.05610672837649404 |   0.05555180707488039 |  0.05287068322739651 | 0.037052448048783215 |   0.03246643733722673 |   0.031368926099954814 |    0.021175509066396724 |  0.018394974473988746 |   0.03358345159614099 |
|  0.17500000000000002 |    0.05734634858397652 |  0.05737722063474661 |     0.05656110618762749 |  0.055812021281332135 | 0.054305685067930806 | 0.040812989676373534 |   0.03514409219072424 |      0.035585405082186 |    0.024411716072622457 |   0.01922176542431527 |   0.03525642407126954 |
|               0.1875 |     0.0579493968141025 | 0.057561683283397495 |    0.056779415370546836 |    0.0560169734380469 |   0.0553438796806489 |  0.04464961912863058 |   0.03853162539223154 |    0.04009099017890797 |    0.027682096187055173 |  0.020376637426258816 |   0.03600782373473639 |
|                  0.2 |   0.058235768798331436 | 0.057661063345361765 |     0.05689143337758778 |   0.05634806075931681 |  0.05597990815791304 |  0.04806843338838837 |   0.04243605538328306 |    0.04424588214132558 |    0.030659017219739803 |  0.021946960113630495 |   0.03683878261800227 |
|  0.21250000000000002 |   0.058137389029732124 | 0.057773432860622205 |     0.05706369063659686 |  0.056786642162136775 | 0.056368874645994944 |  0.05078787338382935 |    0.0463446692540779 |   0.047625390363700275 |     0.03313538307868447 |   0.02374746286891452 |   0.03824042253053142 |
|                0.225 |     0.0579228562464495 | 0.057966907308776475 |     0.05735433171846287 |   0.05721011380877012 |  0.05668317148928948 | 0.052744030270190444 |   0.04973483871453665 |     0.0501106193194162 |     0.03511907120944099 |   0.02546872117970518 |  0.040096223028339664 |
|  0.23750000000000002 |   0.058036116723659055 | 0.058227960415393756 |     0.05771130032441905 |   0.05752011159489556 |   0.0569975492144425 | 0.054038663374296886 |   0.05228407116552544 |   0.051854185691503574 |    0.036859896587314145 |   0.02683114100610978 |   0.04202875372945427 |
|                 0.25 |    0.05843947482904699 |  0.05849360495842848 |     0.05804043368025395 |    0.0577178595467929 |  0.05731929720582506 |  0.05489881184301217 |  0.053942411228532286 |     0.0530732124066755 |    0.038720512802266065 |   0.02770508432637238 |  0.043661248490135196 |
|               0.2625 |   0.058882440322410905 |  0.05870742641629887 |     0.05827932240480152 |   0.05789124990931389 |  0.05762898128144887 |  0.05556454114278536 |   0.05491183705430784 |   0.053808791781334214 |    0.040927104021831175 |  0.028164148388754376 |  0.044830444736690025 |
|                0.275 |   0.059162920177083515 | 0.058853851382800734 |    0.058441430985685404 |  0.058122055290285905 |  0.05789538320223953 | 0.056160375168400126 |   0.05554237430689262 |    0.05415707560999638 |     0.04343719515169555 |  0.028601954317785318 |   0.04564334768998659 |
|  0.28750000000000003 |   0.059185790651919895 | 0.058961535650455796 |     0.05858587907221113 |   0.05839978908491518 | 0.058107038083318525 |  0.05667185764928392 |  0.056102760158367175 |   0.054468364702200754 |     0.04599713997279306 |   0.02971537852542303 |   0.04630806831757342 |
|  0.30000000000000004 |   0.059033074853083026 |  0.05906783227174596 |      0.0587430815904236 |  0.058645115839982824 |  0.05828173231906306 | 0.057032927426027794 |   0.05664596294841809 |    0.05490201667643246 |     0.04829024033397845 |   0.03194311228391754 |   0.04688349107293402 |
|               0.3125 |   0.059005983358280584 | 0.059176380770322966 |      0.0588919772278848 |   0.05879019552597565 |    0.058437491129682 |  0.05723221742393802 |  0.057090188702227464 |   0.055392497983522526 |    0.050080561553091506 |   0.03522749830332017 |   0.04719149654143421 |
|                0.325 |   0.059173964483554324 |  0.05926313367329216 |      0.0589934910354603 |  0.058828386973338524 |  0.05856545740623805 |   0.0573331195240813 |   0.05734823678939967 |     0.0558534737825587 |    0.051298377691431855 |   0.03912718871915942 |  0.047113305187473885 |
|               0.3375 |   0.059385317304999755 | 0.059308964304631645 |    0.059030555055189504 |  0.058817310707951174 |  0.05864685418377308 |  0.05742857065085497 |   0.05743917425413323 |   0.056203189787862325 |     0.05205180696741106 |   0.04301602594915662 |   0.04701488619433522 |
|  0.35000000000000003 |   0.059513316816174076 | 0.059319952202792174 |     0.05903026650447903 |   0.05883627455236245 |  0.05868378161832769 | 0.057587048872738335 |  0.057495228034154806 |   0.056371826554603106 |     0.05256227852575136 |  0.046330975508387544 |   0.04744347589136601 |
|  0.36250000000000004 |   0.059511625103239006 |  0.05932811471665934 |    0.059047920761005096 |   0.05891907758226969 |  0.05870791618755501 | 0.057813299697047266 |   0.05763540262309861 |   0.056411078862587186 |      0.0530288935897335 |  0.048757847875824316 |   0.04862790023584548 |
|                0.375 |   0.059428974008813445 |  0.05937001192300795 |     0.05912081312558733 |   0.05903806118651019 | 0.058763778438646476 | 0.058051579050488036 |    0.0578733064443308 |    0.05647323923560941 |     0.05350831698911042 |   0.05027789937241201 |  0.050422940966513334 |
|               0.3875 |   0.059409362436665454 |  0.05945630908341236 |     0.05924249096519086 |   0.05915227157014976 | 0.058877089381131884 |  0.05824179193416488 |   0.05814807771861036 |    0.05665320522871906 |    0.053964525621704895 |   0.05112108158341279 |  0.052489904771545415 |
|                  0.4 |    0.05953256063119695 |  0.05956858074559607 |     0.05937831827613522 |   0.05924612035190342 |  0.05903410436683216 |  0.05837725877926432 |   0.05838480689221805 |   0.056950849194806585 |     0.05437462980255185 |  0.051660645637687415 |   0.05445993649465426 |
|  0.41250000000000003 |    0.05971871299016217 |  0.05968010572985117 |    0.059494531020372776 |  0.059333825347323454 |  0.05919488345521135 |  0.05850264743970463 |   0.05854701669133899 |    0.05730429668572536 |    0.054741412015289044 |  0.052220015777027465 |   0.05602168298448761 |
|  0.42500000000000004 |    0.05987656135637396 | 0.059772302038905795 |     0.05958033199149961 |   0.05943789894336649 | 0.059327191190465416 |  0.05866187555232732 |   0.05866618620152755 |    0.05760637514981745 |    0.055087580309234524 |   0.05288671030523058 |  0.056966258765069964 |
|               0.4375 |    0.05995139879087404 |  0.05984101375415415 |    0.059648237007634615 |  0.059558129336272005 |  0.05942312269231381 | 0.058854415463633736 |   0.05879949476876916 |   0.057786452185994444 |    0.055426188930849364 |  0.053558797050486585 |   0.05730011175536821 |
|                 0.45 |    0.05993677327664909 |  0.05989261243115325 |     0.05971254765256332 |   0.05966480775112169 | 0.059490382511227215 | 0.059033562570659615 |    0.0589590860752648 |    0.05788792005391161 |    0.055730774692937086 |  0.054104680545411774 |  0.057372192737541496 |
|               0.4625 |    0.05990173197636124 |  0.05993150020132476 |     0.05977216341562993 |   0.05972948528556982 |  0.05954114283653844 | 0.059148103069774534 |  0.059107650558120506 |    0.05798918293375923 |     0.05595346022221383 |  0.054461988236697435 |   0.05754597965271009 |
|  0.47500000000000003 |     0.0599204375900397 |  0.05995553107156695 |    0.059816402436746595 |   0.05974803317503674 |  0.05958311785591928 | 0.059186866511652524 |  0.059200286486256845 |    0.05811970845991672 |     0.05608204414780245 |   0.05466300555210789 |   0.05787878483156617 |
|  0.48750000000000004 |    0.05996337537191371 | 0.059964288869421165 |    0.059838404241805795 |  0.059739378839450054 | 0.059613740777410384 |  0.05918332850630906 |   0.05922287038896838 |    0.05825372429822031 |    0.056160976726357274 |  0.054810611077734696 |   0.05824558436748859 |
|                  0.5 |   0.059993038283773004 |  0.05996488304843801 |     0.05984197147502047 |  0.059732898861923504 |  0.05962905156756301 |  0.05918729137607418 |   0.05920916181414433 |    0.05834066873576491 |     0.05625254615883733 |   0.05499359342008355 |  0.058483179031368904 |
