|            input_WFE |                 r_0.00 |                 r_0.04 |                 r_0.08 |                r_0.12 |                r_0.16 |                 r_0.20 |                r_0.24 |                 r_0.28 |                 r_0.32 |                r_0.36 |                 r_0.40 |
|                  0.0 | 0.00016693873015643154 | 0.00013923598913810975 | 0.00011821817615002924 | 0.0001350236234239534 | 0.0001375250536283784 | 0.00015392123908790798 |  0.000144603929956454 | 0.00015002994191243326 | 0.00015552703618861683 | 0.0001593926657066383 | 0.00016061731242397314 |
|               0.0125 |   0.024338457282351747 |   0.013782845245638189 |   0.005214584327698651 |  0.004133377406371396 | 0.0031495476137435377 |   0.003791775633824312 | 0.0033018935125139815 |  0.0031717412012520585 |   0.003143995910320383 | 0.0032465740548800496 |  0.0031825325056820783 |
|                0.025 |    0.04127621206123463 |    0.02609837299948586 |   0.011011963207071016 |  0.007913360428807598 |  0.005953300019033642 |   0.006594316539576289 |   0.00596372261470638 |   0.005713909046212501 |    0.00559629144152468 |  0.005705395706653138 |  0.0056277322150877366 |
| 0.037500000000000006 |   0.049683244198072206 |   0.036211415502352545 |   0.017772921339483442 |  0.011443272494236469 |  0.008506168917788553 |   0.008059085687333692 |  0.007783038224894598 |   0.007483013059182706 |   0.007199397437427007 |  0.007175831952309956 |   0.007142173680510241 |
|                 0.05 |   0.051921430817612614 |    0.04378492676911193 |   0.025253075621427146 |  0.014971715774464534 |  0.011007730149251285 |    0.00858996549973481 |  0.008662730780449065 |   0.008425538914408276 |   0.008010094046061688 |  0.007757087224129075 |  0.0077231108656466655 |
|               0.0625 |    0.05122880262785633 |    0.04887142916698892 |    0.03283493213651924 |  0.018979386085910464 |  0.013762761472224567 |   0.009529275686632655 |   0.00893079785753826 |   0.008743946186304582 |   0.008408486752217037 |  0.007953658946549706 |    0.00783006798920576 |
|  0.07500000000000001 |    0.05107398852794367 |    0.05181990410845234 |    0.03977625477637279 |  0.023857230895346623 |   0.01692055560307615 |   0.011713288645582472 |  0.009346652225193054 |   0.008836824696588254 |   0.008746169834956775 |  0.008238447580485716 |   0.007999751388525937 |
|  0.08750000000000001 |    0.05237696000985964 |    0.05324490125636031 |    0.04548563783500633 |   0.02956051507114896 |  0.020365484572270717 |     0.0149870119196259 |  0.010636924957972407 |    0.00915841591580903 |   0.009077616644807687 |  0.008733572012666297 |    0.00840711204638672 |
|                  0.1 |    0.05430087314460984 |    0.05389580833621143 |   0.049677449540432496 |   0.03561456372391431 |  0.024001109440119888 |   0.018737827193680206 |  0.013078184645551329 |   0.010114901023964024 |   0.009430816045360316 |   0.00930207929158487 |   0.008962163057915858 |
|               0.1125 |     0.0559797543496946 |    0.05444235418566481 |   0.052368622172673095 |   0.04136383317763653 |   0.02791646837582649 |    0.02224452730719595 |  0.016410863352500457 |    0.01195149254835391 |   0.009990872306145789 |   0.00970957526787515 |   0.009466094999668821 |
|                0.125 |    0.05679669695368214 |   0.055183536908056184 |    0.05380667705123358 |   0.04624172643604948 |   0.03223985722307327 |    0.02499876611991084 |  0.020015184827604966 |    0.01463443055005084 |   0.011058930127717298 |  0.009952708576924334 |    0.00972771545291785 |
|               0.1375 |    0.05668847241352828 |   0.056018770154112434 |    0.05443426870947336 |   0.04993288881787174 |   0.03692746350368815 |    0.02715168409843635 |  0.023191176843759174 |    0.01783914148981871 |     0.0129675492814304 |  0.010423097327465346 |   0.009741986891982862 |
|  0.15000000000000002 |    0.05642443478585569 |   0.056703924880525065 |    0.05481281584420652 |   0.05238486109554999 |   0.04170498041999513 |   0.029574564764977787 |   0.02543839292044947 |    0.02106382521082679 |   0.015737092793456704 |  0.011684123746905858 |   0.009907099291452854 |
|               0.1625 |   0.056715113866367975 |    0.05708358412319231 |    0.05529287649444834 |   0.05373323738771528 |  0.046115435429405334 |    0.03298349270298352 |   0.02679114216852946 |   0.023787182357836473 |   0.018960663542463722 |  0.013941818214692902 |   0.010720497841203163 |
|  0.17500000000000002 |    0.05734634858397652 |   0.057198388130650396 |    0.05587619004007928 |  0.054284916651455774 |   0.04969551998196798 |    0.03732812256555478 |   0.02803304854102219 |    0.02563397775384971 |   0.022042877343855242 |  0.016928763942176565 |   0.012456406150014343 |
|               0.1875 |     0.0579493968141025 |   0.057248594434030915 |    0.05641162096481201 |   0.05454131141213417 |   0.05214098333458341 |   0.042007478228797177 |  0.030140703294448075 |   0.026581509610272468 |    0.02444880692510393 |   0.02010789671210384 |   0.015042491577753166 |
|                  0.2 |   0.058235768798331436 |    0.05741306659503532 |    0.05678278330142697 |   0.05490042435965394 |   0.05343552168778865 |   0.046280809675878457 |   0.03351279023726659 |   0.027204324514704992 |   0.025872837458130654 |  0.022889436687921406 |    0.01809058282070685 |
|  0.21250000000000002 |   0.058137389029732124 |   0.057703195818381334 |   0.056992015029644384 |   0.05542710716859534 |   0.05395318210402369 |   0.049606807044019964 |   0.03783345787588363 |    0.02836571417383622 |   0.026397380273257203 |   0.02485432814889475 |   0.021061785324014558 |
|                0.225 |     0.0579228562464495 |    0.05802140629768957 |   0.057154643050903065 |   0.05601453919731668 |   0.05430483601835525 |    0.05183822917851578 |   0.04238053635140165 |   0.030672797567028603 |   0.026649853351554165 |   0.02589352386614832 |     0.0234839131520255 |
|  0.23750000000000002 |   0.058036116723659055 |    0.05827436217485064 |    0.05739896182070527 |   0.05653297520878137 |   0.05487261209706627 |    0.05322579237094202 |   0.04643189375510712 |   0.034203939655662964 |   0.027433985634274762 |  0.026230195042867027 |   0.025122536162733664 |
|                 0.25 |    0.05843947482904699 |   0.058434064651231854 |   0.057742234975687735 |  0.056901224436208396 |   0.05557169309202905 |    0.05412979546146096 |    0.0495737225994559 |   0.038487754198638896 |   0.029104142114114856 |  0.026402758539347992 |   0.025999821814529915 |
|               0.2625 |   0.058882440322410905 |    0.05855319385240993 |      0.058101744497018 |   0.05714979564253218 |   0.05618219500331186 |   0.054731557965863514 |   0.05180789246669481 |    0.04280160990058874 |    0.03174574384892143 |  0.026978521182691558 |    0.02629129835446034 |
|                0.275 |   0.059162920177083515 |    0.05871218069193161 |   0.058380789571620434 |   0.05739509340628876 |   0.05656756488954754 |     0.0551812185269295 |  0.053398915077084864 |    0.04654613110570798 |    0.03523786370864719 |  0.028202293389451426 |   0.026298080998921117 |
|  0.28750000000000003 |   0.059185790651919895 |    0.05891973366674312 |   0.058535198015819856 |   0.05769285953004029 |   0.05675008101133659 |   0.055621116444170324 |   0.05451297165948368 |    0.04947433569286561 |    0.03915124827563775 |   0.03012180771526362 |    0.02655335879175204 |
|  0.30000000000000004 |   0.059033074853083026 |     0.0591119776808376 |    0.05860494662507338 |   0.05799840493197392 |   0.05689358536428909 |     0.0560349594333527 |   0.05511195483220321 |    0.05167971419341886 |    0.04296424223523878 |    0.0327254688253279 |    0.02733715239608389 |
|               0.3125 |   0.059005983358280584 |     0.0592243031117701 |    0.05867273293334258 |  0.058231656426626414 |  0.057172171117950345 |    0.05637093339525942 |  0.055366203921215315 |   0.053367278392568045 |   0.046321941406627556 |  0.035941983065062355 |    0.02876361201881762 |
|                0.325 |   0.059173964483554324 |    0.05924144068093715 |   0.058774459353975905 |   0.05834130875382007 |   0.05753942113886831 |    0.05663066177561251 |   0.05559489220788854 |   0.054568725528881944 |   0.049099522026873635 |   0.03948323626186287 |   0.030821998309887102 |
|               0.3375 |   0.059385317304999755 |     0.0592106201722477 |    0.05888414118683387 |   0.05835264699557749 |   0.05782608651921449 |    0.05684997566338487 |   0.05587033166262395 |   0.055144743258643186 |    0.05132483454139064 |   0.04295534955876724 |   0.033429531855917426 |
|  0.35000000000000003 |   0.059513316816174076 |    0.05920817885182449 |    0.05896572885173629 |    0.0583546323079001 |   0.05793461880820572 |   0.057048021283841774 |   0.05617797974116928 |    0.05526347844336137 |    0.05306692114475313 |   0.04606081734078832 |    0.03649310997684236 |
|  0.36250000000000004 |   0.059511625103239006 |     0.0592693864767711 |   0.059010564862683565 |  0.058418993542954566 |  0.057909003514816676 |   0.057231969074697304 |    0.0565021552227777 |    0.05538378941580678 |    0.05432123174993936 |  0.048682526238973775 |   0.039777820066320434 |
|                0.375 |   0.059428974008813445 |    0.05937102420721956 |    0.05904605959362354 |   0.05855209538110322 |  0.057891561888842064 |    0.05740189303145724 |   0.05679286120764866 |   0.055659708018511195 |    0.05499306045263653 |  0.050862033887914465 |    0.04296236582484307 |
|               0.3875 |   0.059409362436665454 |    0.05947511281221725 |    0.05911617201939755 |   0.05871855753028622 |   0.05802418306460222 |    0.05756105724327399 |    0.0569981526843812 |    0.05608205614533087 |   0.055245671476334704 |   0.05269096345805914 |    0.04582348910603463 |
|                  0.4 |    0.05953256063119695 |    0.05956111394685766 |    0.05923805749249978 |   0.05887589659334911 |   0.05830401607816979 |    0.05773042616610335 |   0.05716164706590868 |    0.05658056814397908 |   0.055509908726220525 |   0.05416784481406187 |    0.04832017348392569 |
|  0.41250000000000003 |    0.05971871299016217 |    0.05963344936552472 |    0.05938517266061778 |   0.05900361717542617 |   0.05859316662133959 |    0.05793070480120265 |   0.05736415278320415 |     0.0570044590405332 |    0.05591764500929098 |   0.05515415714666661 |    0.05053406676677239 |
|  0.42500000000000004 |    0.05987656135637396 |    0.05971185238901094 |   0.059516681178027914 |  0.059115926638106865 |   0.05878340039530454 |   0.058161302839886124 |  0.057618334234668674 |    0.05723002452320049 |    0.05641808713428028 |  0.055622103493240566 |    0.05252899610980873 |
|               0.4375 |    0.05995139879087404 |    0.05980337941295067 |    0.05960720712043384 |   0.05923480462994055 |  0.058866338330094595 |    0.05838907034548042 |   0.05788235045068517 |    0.05733144850901983 |    0.05690711888679598 |    0.0558835365322022 |    0.05423194326660071 |
|                 0.45 |    0.05993677327664909 |    0.05988875053712239 |     0.0596576662508718 |   0.05935568058646923 |   0.05890349186722069 |    0.05857049691252919 |   0.05809583938108397 |    0.05746378424952594 |     0.0572098972551486 |  0.056173604426730306 |    0.05541598056505203 |
|               0.4625 |    0.05990173197636124 |    0.05994363706571887 |   0.059690298084412674 |  0.059451400474293044 |  0.058970972409498605 |   0.058682172557431855 |   0.05823002609518045 |   0.057666054031876954 |    0.05725761411925678 |   0.05653185390145266 |    0.05592996004669536 |
|  0.47500000000000003 |     0.0599204375900397 |    0.05995935880794054 |   0.059725042650622645 |   0.05949754236189926 |   0.05908789940422269 |    0.05872931611459457 |  0.058301127881673014 |    0.05788939144894317 |    0.05725620750771395 |   0.05689162553667861 |    0.05605928212950359 |
|  0.48750000000000004 |    0.05996337537191371 |     0.0599476850896866 |    0.05976037067372158 |  0.059495036682699974 |   0.05919150185658332 |   0.058745739976184805 |   0.05835208194811486 |    0.05805890377450251 |    0.05738160575129564 |   0.05712555529194368 |    0.05616089579998135 |
|                  0.5 |   0.059993038283773004 |   0.059934830712816835 |    0.05978473046392917 |  0.059475296887247536 |  0.059230214264135904 |    0.05877273573496708 |    0.0584129715003144 |   0.058129834616659645 |    0.05760789536953188 |   0.05719669425798739 |   0.056380572318673744 |
