|            input_WFE |                 r_0.00 |               r_0.04 |                 r_0.08 |                 r_0.12 |                r_0.16 |                r_0.20 |               r_0.24 |               r_0.28 |                r_0.32 |                  r_0.36 |               r_0.40 |
|                  0.0 | 0.00016693873015643617 | 0.001214470410497168 |  -0.004976401744781817 | -0.0009436637207272348 | 0.0020118673797442747 | 0.0004780760201750032 | 0.004905004592000755 | 0.004508214403380674 | 0.0020367259391330457 |   -0.005291238678903904 | 0.004748317158677696 |
|               0.0125 |   0.024338457282351754 | 0.014543273683075618 | -7.184565470540049e-05 |   0.003667478941550407 |  0.004860703988286669 | 0.0029015184062055987 |  0.00647858332254398 |  0.00633670585085286 |  0.003213054273394541 |  -0.0038758349760828295 | 0.005780137388277457 |
|                0.025 |    0.04127621206123463 | 0.026561743432279163 |   0.005721609567356526 |   0.008139563645102913 |   0.00787850972081479 |  0.005193778222998541 | 0.008014322042056422 | 0.008075903260783345 |  0.004460371734195077 |  -0.0025484890619186865 | 0.006759359401659561 |
| 0.037500000000000006 |   0.049683244198072206 | 0.036491310872403426 |   0.012871228793336052 |   0.012397533169138055 |  0.011132386557680847 |  0.007304580598122179 | 0.009507772907854732 |   0.0096949353611347 |  0.005919233574293378 |  -0.0013093154004925292 | 0.007643985044657234 |
|                 0.05 |    0.05192143081761263 | 0.043990894888773766 |    0.02117728087334917 |   0.016587000800753378 |  0.014530678953592027 |  0.009304640737108601 | 0.010928535491316718 |  0.01121460859461819 |  0.007651610287479203 | -0.00010276405372335582 |  0.00844088395621634 |
|               0.0625 |    0.05122880262785635 |  0.04905340025924496 |   0.029865417197338182 |   0.021037351788699143 |    0.0179263885504031 |  0.011359265471515405 | 0.012279181899612334 |  0.01270005452276648 |  0.009623460710418731 |   0.0011614847029726195 |  0.00920461455721389 |
|  0.07500000000000001 |    0.05107398852794366 |  0.05197170443558887 |    0.03791393463874798 |    0.02603231880613537 |  0.021235525861881384 |  0.013604422551093362 | 0.013630764119514782 |  0.01422323317110045 |  0.011722558899907254 |   0.0025574336261750706 | 0.010003261900282964 |
|  0.08750000000000001 |    0.05237696000985964 |  0.05334294268914507 |   0.044479938526962866 |   0.031544807455430035 |  0.024520584866382672 |   0.01604606774900389 | 0.015115405980488507 | 0.015817483740369138 |  0.013800399948989139 |    0.004089757562523083 | 0.010870795314541241 |
|                  0.1 |    0.05430087314460984 | 0.053938661887814356 |    0.04916042291395408 |     0.0372103336781237 |  0.027989306113317954 |   0.01858230025705152 | 0.016889541211610917 | 0.017460825381092063 |  0.015728991022803118 |   0.0056814541687753494 | 0.011810986078884003 |
|               0.1125 |     0.0559797543496946 |  0.05446254730040946 |    0.05200136868550948 |   0.042507514386631265 |   0.03185498031128829 |   0.02109602623392777 | 0.019042417975959392 | 0.019097158724795248 |   0.01745287709258357 |    0.007206001530233827 |  0.01282643697792454 |
|                0.125 |   0.056796696953682155 |  0.05521405884295097 |    0.05339632099034966 |   0.046971753878073626 |   0.03612249171931094 |  0.023560992468441958 |  0.02150598757594398 | 0.020687074586859575 |  0.019007252681740097 |    0.008548162740593338 |  0.01390797737406544 |
|               0.1375 |   0.056688472413528264 | 0.056068625460476404 |   0.053986241330281196 |    0.05032760403155562 |   0.04051545131749104 |   0.02614920167732535 |  0.02408059536081633 | 0.022264345772124463 |   0.02048894443764407 |    0.009674337384374664 | 0.015028058554026417 |
|  0.15000000000000002 |    0.05642443478585569 |  0.05676132027372262 |   0.054434626862867624 |    0.05251818185892093 |   0.04460931999829435 |  0.029209426389368465 | 0.026549069992610523 | 0.023928699364101903 |  0.021998684968093495 |    0.010656483216368548 |  0.01615682480467793 |
|               0.1625 |    0.05671511386636797 |  0.05712843874716099 |     0.0550369883073059 |    0.05368725852245519 |   0.04802680215270322 |   0.03296034692291115 |  0.02880987560748843 |  0.02575396004065094 |  0.023599781552468405 |     0.01161172116380141 | 0.017275309913563075 |
|  0.17500000000000002 |   0.057346348583976525 |  0.05721841563493095 |    0.05571514609312519 |    0.05417572776707461 |   0.05056703952845673 |   0.03725138835695198 | 0.030983286876342945 | 0.027722616536038518 |  0.025319016858351334 |     0.01262599158000866 | 0.018388711502827143 |
|               0.1875 |     0.0579493968141025 |  0.05725237163805585 |    0.05627764869135283 |    0.05445989513697831 |  0.052240155420316126 |   0.04165499655892489 |   0.0333906170727885 | 0.029748733498847345 |  0.027160165019849043 |     0.01373432368052104 | 0.019529445871485918 |
|                  0.2 |   0.058235768798331436 |  0.05741990505693603 |    0.05661772698433779 |    0.05485972532391524 |   0.05322239291115681 |   0.04569511592138632 |  0.03632022663944679 | 0.031751598301607155 |   0.02909501659038521 |    0.014954397479381801 |  0.02072218958189765 |
|  0.21250000000000002 |   0.058137389029732124 |  0.05772206468532007 |    0.05679074367673582 |    0.05539478611536195 |   0.05377336518494136 |  0.049027742362497496 |  0.03977592899047778 |  0.03373683887875047 |   0.03106113144669751 |     0.01632599956138644 | 0.021955205675686155 |
|                0.225 |     0.0579228562464495 | 0.058048321995195974 |    0.05696480672468637 |    0.05594680944265451 |  0.054180277879122635 |   0.05151107614014474 | 0.043462729484751925 |  0.03583951680962057 |   0.03298467450343315 |    0.017912420640434596 |  0.02319351202332925 |
|  0.23750000000000002 |   0.058036116723659055 | 0.058299211683083385 |   0.057262437758551894 |   0.056406706545527804 |   0.05464520466245146 |  0.053167235701829026 | 0.046959171048731735 |  0.03825076836271431 |  0.034805340327017556 |    0.019744363348886147 |  0.02440710482699172 |
|                 0.25 |    0.05843947482904699 | 0.058448233685412854 |    0.05765738151685844 |    0.05674208767685518 |  0.055189505567355406 |   0.05409156203722058 |  0.04990830855775361 |   0.0410402521522256 |  0.036506442803931984 |    0.021770301485785914 | 0.025605701821653355 |
|               0.2625 |   0.058882440322410905 |  0.05855755999248552 |    0.05803746019684669 |    0.05701469822002814 |   0.05573503754844085 |   0.05452089508447345 |  0.05212199621535027 |  0.04406593679665306 |  0.038176216705488396 |    0.023880095431972753 | 0.026875280997642373 |
|                0.275 |   0.059162920177083515 |  0.05871682681349391 |    0.05830297589041453 |     0.0573149645321272 |   0.05620144399902367 |   0.05488636758675945 |  0.05357928893454476 |  0.04704546070161717 |   0.04001936565490997 |     0.02598188907469563 | 0.028329677805004054 |
|  0.28750000000000003 |   0.059185790651919895 | 0.058931461129767604 |    0.05843306480459572 |    0.05765155782787306 |   0.05655186312260073 |   0.05538751949295958 |  0.05437621544460541 | 0.049686616849883916 |   0.04219082112028617 |    0.028099231707565224 | 0.029979525260715758 |
|  0.30000000000000004 |    0.05903307485308301 | 0.059129255282920165 |    0.05850092250972674 |   0.057955618661146735 |   0.05681201438861032 |  0.055949220882363496 |  0.05476770823238817 |  0.05177846524843717 |   0.04464865757575067 |    0.030424733130529503 | 0.031695305263042914 |
|               0.3125 |   0.059005983358280584 |  0.05924085111277165 |    0.05859479143301526 |    0.05815561044732238 |  0.057037204302045195 |   0.05642952258624693 | 0.055105988155128925 |  0.05321641708661216 |   0.04719192829568603 |     0.03321610167783878 |  0.03327946370119282 |
|                0.325 |    0.05917396448355434 | 0.059251210781534946 |    0.05872585771700567 |    0.05823361114924535 |  0.057248728934278986 |   0.05671736685966364 |  0.05551759540656417 |  0.05400884470621861 |   0.04957641761907679 |    0.036563141949661135 |  0.03458701040618231 |
|               0.3375 |    0.05938531730499974 |  0.05921289617568791 |    0.05884800532723046 |    0.05824466649376049 |   0.05742937642572604 |   0.05681557829102004 |  0.05593129391429847 |  0.05434615794952264 |   0.05159917152747876 |     0.04026651649926943 |  0.03569008192908219 |
|  0.35000000000000003 |    0.05951331681617407 | 0.059209026659359246 |   0.058921981045435896 |     0.0582762831674185 |   0.05756335135687528 |   0.05686814948061301 |  0.05625258813078896 |   0.0545834922631127 |     0.053126730428409 |      0.0439332011213275 | 0.036966648891452195 |
|  0.36250000000000004 |   0.059511625103239006 |  0.05927445238558203 |   0.058950272455018056 |   0.058372187970550396 |   0.05766139285661737 |  0.057014012861064556 | 0.056443835361990144 |  0.05492975078617191 |  0.054090336577477284 |     0.04716629332354369 | 0.038837096968914624 |
|                0.375 |    0.05942897400881343 |   0.0593804899710251 |    0.05897883651454746 |   0.058513911920146607 |  0.057760646550904106 |   0.05725552323422569 |  0.05656240130008182 |  0.05535695054210925 |  0.054530833306028065 |     0.04971042354671786 |  0.04139413309428636 |
|               0.3875 |   0.059409362436665454 | 0.059485759628183754 |    0.05906059225075032 |   0.058663480712197826 |   0.05790053125773558 |   0.05753026637917057 |  0.05672986533893286 |  0.05576914303749013 |  0.054733648235731513 |    0.051498222269916356 |  0.04438403284079711 |
|                  0.4 |    0.05953256063119695 | 0.059569399888321634 |    0.05920154379479315 |     0.0587978200183864 |   0.05809014312068942 |   0.05777420405299992 |  0.05700568822982213 |  0.05609371166430212 |   0.05503513549887748 |     0.05261140108599096 |  0.04740799371818868 |
|  0.41250000000000003 |    0.05971871299016217 |  0.05963799720055433 |    0.05936004423914832 |    0.05892019820336789 |   0.05830375271825008 |  0.057956347648454795 |  0.05734204490094302 |  0.05633152334420396 |  0.055491594305614456 |     0.05322454405631246 |  0.05010574046056935 |
|  0.42500000000000004 |    0.05987656135637396 | 0.059714748274414454 |    0.05949030606028027 |    0.05904981077290818 |  0.058504346659215375 |   0.05810747787993172 | 0.057659069094478786 |  0.05656678841137936 |   0.05600597840271559 |      0.0536335625305195 |  0.05224791333578274 |
|               0.4375 |    0.05995139879087404 |  0.05980745810940575 |    0.05957184011538679 |   0.059191571495091466 |  0.058664643832133316 |   0.05828162984518044 |  0.05789266416354841 | 0.056867838055388274 |   0.05644643775013338 |     0.05411237171423873 |  0.05373102246674032 |
|                 0.45 |    0.05993677327664909 | 0.059894441802939735 |    0.05961577806633285 |     0.0593215133914842 |  0.058779395808092647 |   0.05847882076353246 | 0.058029318071997724 |  0.05720045855574971 |   0.05671139090963133 |    0.054668788044150714 |  0.05453882734494538 |
|               0.4625 |    0.05990173197636124 |  0.05994962382068442 |    0.05965188769583509 |    0.05940882800646462 |    0.0588641982450426 |   0.05865181836631231 | 0.058122550683970035 | 0.057482343577513584 |  0.056827011347921653 |     0.05518254758332395 | 0.054878239664828986 |
|  0.47500000000000003 |     0.0599204375900397 | 0.059964163378282684 |   0.059696604295126354 |    0.05944125750343464 |  0.058934289036661806 |   0.05875441343854164 |  0.05822877946870304 |  0.05764743518263832 |  0.056933794972181755 |     0.05554274693902382 |  0.05516862644677567 |
|  0.48750000000000004 |    0.05996337537191371 |  0.05995068587186184 |    0.05973999817518825 |   0.059434484104319195 |   0.05898994871133326 |  0.058776347269382585 | 0.058343375030186856 | 0.057691962542814224 |   0.05709931791729995 |     0.05571644112755971 | 0.055568015243233314 |
|                  0.5 |   0.059993038283773004 | 0.059937050391882504 |    0.05976668407636404 |    0.05942403692523005 |   0.05902649956265817 |   0.05875951059726254 | 0.058436051260397116 |  0.05769183377634338 |  0.057291545274983785 |     0.05580392048238626 |  0.05600587191631471 |
