| num_screens |              error |
|           0 | 1.2591980380367485 |
|           1 | 1.3207095648885754 |
|           2 | 1.3185700136225547 |
|           3 | 1.2261365674001055 |
|           4 | 1.2211446503753156 |
|           5 | 1.1338094628855502 |
|           6 | 1.1267625186879775 |
|           7 | 1.1725676210440175 |
|           8 | 1.1614435012149646 |
|           9 |   1.15227306166312 |
|          10 | 1.1083685634054476 |
|          11 |  1.105023910051791 |
|          12 | 1.0639401861010858 |
|          13 | 1.0452477784130267 |
|          14 | 1.0265619890759161 |
|          15 | 0.9838723137377059 |
|          16 | 1.0259557819764755 |
|          17 |  1.036283645296465 |
|          18 | 1.0045418538785016 |
|          19 |  1.010686237304991 |
|          20 | 1.0047137377132618 |
|          21 | 0.9672824337636339 |
|          22 | 0.9626207154710494 |
|          23 | 0.9670144325932147 |
|          24 |  0.965297750823841 |
|          25 | 0.9721533379081094 |
|          26 | 0.9609729742146236 |
|          27 | 0.9637159767656428 |
|          28 | 0.9723374137829348 |
|          29 | 0.9684372010913218 |
|          30 | 0.9671555102988195 |
|          31 | 0.9761790731354164 |
|          32 | 0.9797359969425719 |
|          33 | 0.9759685646193695 |
|          34 | 0.9636405179654137 |
|          35 | 0.9699892021613623 |
|          36 | 0.9504080731561704 |
|          37 | 0.9510464507744641 |
|          38 | 0.9454457289398016 |
|          39 | 0.9436568689410418 |
|          40 |  0.946221944081991 |
|          41 | 0.9374096400282947 |
|          42 | 0.9434386966953319 |
|          43 | 0.9352613135537045 |
|          44 | 0.9524016126807462 |
|          45 | 0.9439568821429717 |
|          46 | 0.9272397431173314 |
|          47 | 0.9264706316853932 |
|          48 | 0.9214066456215768 |
|          49 | 0.8997755560339625 |
|          50 | 0.9001365923697321 |
|          51 |  0.897926320627523 |
|          52 | 0.8955928022680351 |
|          53 | 0.8939075759061395 |
|          54 | 0.9053087408971459 |
|          55 | 0.9050447311525247 |
|          56 | 0.8975829423841691 |
|          57 | 0.9019688776469502 |
|          58 | 0.9044221122522422 |
|          59 | 0.8962117168544411 |
|          60 | 0.9048232467121551 |
|          61 | 0.9094233035224185 |
|          62 | 0.9144098155387248 |
|          63 | 0.9102094318946591 |
|          64 | 0.9051133957998104 |
|          65 | 0.8884161289893147 |
|          66 | 0.8810476827926479 |
|          67 | 0.8854375674245812 |
|          68 | 0.8835470420392865 |
|          69 | 0.8704721517391404 |
|          70 | 0.8723227038353706 |
|          71 | 0.8682234567605525 |
|          72 | 0.8644797174626653 |
|          73 | 0.8610072318047235 |
|          74 | 0.8513288592658684 |
|          75 | 0.8456062998449039 |
|          76 | 0.8536978140611435 |
|          77 | 0.8496436067820925 |
|          78 | 0.8507098450110029 |
|          79 | 0.8436194887952342 |
|          80 | 0.8450767463835243 |
|          81 | 0.8373172487572562 |
|          82 | 0.8398580634834623 |
|          83 | 0.8409151613772557 |
|          84 | 0.8393481766752029 |
|          85 |  0.834272666967238 |
|          86 | 0.8370150924146088 |
|          87 | 0.8384354680408557 |
|          88 | 0.8372523626533613 |
|          89 | 0.8425251968832189 |
|          90 | 0.8463744623573393 |
|          91 | 0.8499661014728058 |
|          92 | 0.8395545263093587 |
|          93 | 0.8427485623930829 |
|          94 | 0.8317559347929506 |
|          95 | 0.8336802389028055 |
|          96 | 0.8346384447215689 |
|          97 |  0.836716091526949 |
|          98 | 0.8356986220218472 |
|          99 | 0.8337278994573183 |
|         100 | 0.8279184027472745 |
|         101 |  0.824036518147653 |
|         102 | 0.8301377638723766 |
|         103 | 0.8217931866758883 |
|         104 | 0.8142284917372749 |
|         105 | 0.8134353247912968 |
|         106 | 0.8136514788336768 |
|         107 | 0.8150596763542769 |
|         108 | 0.8144520921177081 |
|         109 | 0.8195911779986526 |
|         110 |  0.817158293147316 |
|         111 |  0.817086427305507 |
|         112 | 0.8153362289993609 |
|         113 | 0.8134903079949896 |
|         114 | 0.8131275301410208 |
|         115 | 0.8076451561699015 |
|         116 | 0.8119363214667208 |
|         117 | 0.8081140061256209 |
|         118 | 0.8003784333666948 |
|         119 | 0.8048191173963417 |
|         120 |  0.800838397951854 |
|         121 | 0.7980529861337647 |
|         122 | 0.7957677754403034 |
|         123 | 0.8005384741042916 |
|         124 | 0.8125016907613606 |
|         125 |  0.811376626619138 |
|         126 | 0.8169461909394146 |
|         127 | 0.8129680613462893 |
|         128 | 0.8175638976617214 |
|         129 | 0.8145274474302611 |
|         130 |  0.814112019645553 |
|         131 | 0.8169659833164189 |
|         132 | 0.8178795648985877 |
|         133 | 0.8143436032668226 |
|         134 | 0.8091518663794772 |
|         135 | 0.8131831258070644 |
|         136 | 0.8087112310706862 |
|         137 | 0.8068966381621536 |
|         138 | 0.8049575368450919 |
|         139 | 0.8097162617308941 |
|         140 | 0.8149791443525954 |
|         141 | 0.8149500573575003 |
|         142 | 0.8184712290423362 |
|         143 | 0.8189124095208626 |
|         144 | 0.8185633800823899 |
|         145 |   0.81496215921257 |
|         146 | 0.8124487819570516 |
|         147 | 0.8153882366924708 |
|         148 | 0.8132441598660659 |
|         149 |  0.810875722497177 |
|         150 |  0.808128208137946 |
|         151 | 0.8088113315481772 |
|         152 | 0.8050574884575201 |
|         153 | 0.8063438594986279 |
|         154 |    0.8055972839589 |
|         155 | 0.8066204195098985 |
|         156 | 0.8087596517570412 |
|         157 | 0.8082222317734751 |
|         158 |  0.811970018102059 |
|         159 | 0.8109278080508062 |
|         160 | 0.8124763190851855 |
|         161 | 0.8083198603859161 |
|         162 |  0.808617513161632 |
|         163 | 0.8049267771941995 |
|         164 | 0.8001824711945995 |
|         165 | 0.8067157818422859 |
|         166 | 0.8104536579986409 |
|         167 | 0.8066321302318531 |
|         168 | 0.8047334155331761 |
|         169 |  0.804458512946594 |
|         170 | 0.8057780665413556 |
|         171 | 0.8052418994189295 |
|         172 | 0.8038453569602432 |
|         173 | 0.8086398175860408 |
|         174 | 0.8074635083598218 |
|         175 | 0.8101384481567798 |
|         176 | 0.8126460024674633 |
|         177 | 0.8102775758865419 |
|         178 | 0.8099821579040603 |
|         179 | 0.8132384355649167 |
|         180 | 0.8154005520198154 |
|         181 | 0.8162842568700421 |
|         182 | 0.8170839593871044 |
|         183 |  0.815267948533444 |
|         184 | 0.8144412922117752 |
|         185 |  0.809363367538787 |
|         186 | 0.8098147461945377 |
|         187 | 0.8154807470356173 |
|         188 | 0.8120445905300553 |
|         189 | 0.8110614800780922 |
|         190 | 0.8081742088792752 |
|         191 |  0.807519352483267 |
|         192 |  0.804511608589119 |
|         193 | 0.8061647399172541 |
|         194 | 0.8066164054256786 |
|         195 | 0.8091796786800008 |
|         196 |  0.808380004244942 |
|         197 | 0.8055197035960171 |
|         198 |  0.805684175337268 |
|         199 | 0.8005070579508651 |
|         200 | 0.8025616495514699 |
|         201 | 0.8037636432032732 |
|         202 | 0.8025980342257679 |
|         203 | 0.8015526838767858 |
|         204 | 0.7981736533607574 |
|         205 | 0.7973595325236225 |
|         206 | 0.7991807358159662 |
|         207 | 0.8003286303533084 |
|         208 | 0.8005991769203744 |
|         209 | 0.8020076749835706 |
|         210 | 0.7993188651804737 |
|         211 | 0.7983672906836248 |
|         212 | 0.7954955831613726 |
|         213 | 0.7974490064269149 |
|         214 | 0.7964689231764378 |
|         215 | 0.7956876353647545 |
|         216 |    0.7993209722246 |
|         217 | 0.7976217970981261 |
|         218 | 0.7983528251198937 |
|         219 | 0.8002980599157574 |
|         220 | 0.8016843381524499 |
|         221 | 0.7998524232059061 |
|         222 | 0.7966046725481364 |
|         223 |  0.796173586720014 |
|         224 | 0.7959189299244018 |
|         225 |  0.796909274123166 |
|         226 | 0.7962515023128132 |
|         227 | 0.7942371619340711 |
|         228 |  0.794692733827609 |
|         229 | 0.7917084350174362 |
|         230 |  0.789133616995386 |
|         231 | 0.7881645900958761 |
|         232 | 0.7902826918131164 |
|         233 | 0.7862048383122957 |
|         234 | 0.7855196283582241 |
|         235 | 0.7861152878373106 |
|         236 | 0.7860965607517941 |
|         237 | 0.7849753423784599 |
|         238 | 0.7842347342455069 |
|         239 | 0.7821876938305065 |
|         240 | 0.7838857772447899 |
|         241 | 0.7852032689353841 |
|         242 | 0.7862256647305343 |
|         243 | 0.7870150723846895 |
|         244 | 0.7889163456313841 |
|         245 | 0.7911003736991504 |
|         246 | 0.7888491053460298 |
|         247 | 0.7909233078111255 |
|         248 | 0.7938795952862712 |
|         249 | 0.7938941051276112 |
|         250 | 0.7935479182639968 |
|         251 | 0.7915880879229703 |
|         252 | 0.7908969687462731 |
|         253 | 0.7909696705515218 |
|         254 | 0.7937594310493232 |
|         255 | 0.7958593808706638 |
